17 34
2 25
4 21
6 27
13 36
ignora
22 18
31 9
20 14
29 7
28 12
ignora
17 34
2 25
4 21
6 27
13 36
ignora
22 18
31 9
20 14
29 7
28 12
ignora
17 34
2 25
4 21
6 27
13 36
ignora
22 18
31 9
20 14
29 7
28 12
ignora
17 34
2 25
4 21
6 27
13 36
ignora
22 18
31 9
20 14
29 7
28 12
ignora
17 34
2 25
4 21
6 27
13 36
ignora
22 18
31 9
20 14
29 7
28 12
ignora
17 34
2 25
4 21
6 27
13 36
ignora
22 18
31 9
20 14
29 7
28 12
ignora
17 34
2 25
4 21
6 27
13 36
ignora
22 18
31 9
20 14
29 7
28 12
ignora
17 34
2 25
4 21
6 27
13 36
ignora
22 18
31 9
20 14
29 7
28 12
ignora
17 34
2 25
4 21
6 27
13 36
ignora
22 18
31 9
20 14
29 7
28 12
ignora
17 34
2 25
4 21
6 27
13 36
ignora
22 18
31 9
20 14
29 7
28 12
ignora
17 34
2 25
4 21
6 27
13 36
ignora
22 18
31 9
20 14
29 7
28 12
ignora
